63
5
41
83
83
8
60
36
10
89
55
97
6
82
64
27
98
7
73
88
43
13
94
32
4
97
13
73
41
82
83
61
31
34
94
13
25
15
85
60
29
70
94
13
87
86
91
62
5
24
83
98
42
98
47
86
48
90
2
49
78
2
43
53
14
91
62
46
69
90
34
58
69
52
70
84
77
90
49
2
93
99
72
20
46
75
8
35
26
27
94
42
40
14
94
80
80
26
93
52
32
15
25
34
29
84
85
54
9
10
98
25
92
39
81
77
82
38
12
78
19
83
9
58
3
24
54
56
21
34
95
26
64
39
3
41
5
43
30
73
67
22
43
11
24
26
88
92
35
42
53
94
3
62
17
53
87
26
21
80
57
6
47
21
55
50
42
51
98
8
99
88
8
19
73
51
21
25
13
45
32
88
84
12
84
74
64
74
9
22
15
19
22
15
48
91
84
44
67
55
89
88
86
52
47
85
8
12
49
38
23
89
84
69
33
38
11
47
35
7
8
13
51
89
79
38
74
90
24
62
58
41
16
85
99
92
34
74
56
79
79
79
42
46
13
37
92
8
45
56
43
28
19
100
86
57
9
41
21
84
24
13
13
61
12
63
49
68
43
98
10
14
38
37
42
21
9
40
64
41
53
39
80
36
10
25
33
15
61
73
100
24
52
90
7
8
95
71
76
48
20
14
30
44
58
43
40
14
2
23
61
89
76
55
50
43
65
50
23
24
75
30
51
9
87
40
1
95
80
21
66
21
32
51
11
73
40
13
90
9
98
41
75
29
96
57
2
17
48
13
87
25
74
72
22
14
83
18
21
22
53
68
70
79
91
74
70
68
7
41
34
28
33
11
65
26
91
73
29
25
27
55
48
82
3
8
82
63
65
19
30
44
43
45
93
19
90
44
42
19
74
68
99
73
35
60
81
49
79
43
96
38
91
32
62
87
11
59
20
61
53
31
83
8
46
36
18
11
89
69
19
97
79
48
35
64
4
7
16
95
30
64
93
36
24
82
26
8
78
17
3
46
96
29
23
41
26
3
39
94
2
28
16
27
95
5
80
46
67
34
88
46
1
58
97
48
62
58
90
79
41
49
36
48
27
17
28
15
77
82
90
4
91
17
34
12
35
26
31
50
67
36
56
24
8
52
82
81
29
47
15
51
17
63
1
45
90
65
100
7
59
59
94
98
89
73
1
17
8
49
72
32
27
30
27
25
19
87
26
37
42
12
88
98
45
72
54
73
84
21
47
25
2
88
62
17
13
59
34
35
37
55
77
20
52
95
3
36
71
30
42
64
68
33
83
18
79
59
69
92
75
99
81
43
73
31
91
27
14
62
19
56
19
14
8
33
51
63
88
38
78
28
47
4
78
77
66
34
63
83
92
71
99
82
2
2
93
90
75
52
31
57
70
87
23
8
61
57
91
88
44
41
77
26
17
17
31
26
66
19
71
97
95
93
49
15
34
22
2
9
47
91
83
95
91
98
76
55
85
32
81
29
92
23
33
80
40
47
87
58
67
54
70
79
77
44
65
62
14
6
9
94
98
18
35
3
63
47
58
92
82
56
38
67
47
65
64
92
98
20
59
35
31
29
64
87
21
8
98
76
39
63
32
97
83
2
88
66
90
12
88
13
97
86
8
82
100
88
54
84
70
6
67
80
53
55
24
48
28
21
38
64
12
21
83
69
12
26
80
16
69
34
11
59
83
42
59
58
72
90
49
52
92
14
15
25
49
27
96
65
23
32
58
69
69
29
21
12
96
80
58
99
27
14
3
92
37
87
51
49
12
86
59
16
90
37
79
45
22
26
28
99
15
91
36
54
63
45
25
5
19
4
94
40
36
43
63
19
94
76
56
54
24
57
57
97
85
66
47
83
52
98
45
21
26
18
75
22
16
59
97
1
37
89
47
73
30
97
86
70
55
14
39
68
73
88
22
47
64
48
50
13
19
20
35
47
87
7
47
47
76
20
1
16
84
21
29
63
76
96
44
62
60
32
74
88
30
35
39
98
35
21
23
44
83
34
26
99
2
83
73
95
18
80
91
2
51
46
91
70
4
95
71
35
12
58
23
92
63
6
100
75
86
23
83
52
93
91
66
95
58
98
9
100
92
33
11
68
34
11
35
24
37
18
79
28
79
100
15
74
83
63
17
69
48
51
56
10
41
35
4
59
25
75
70
5
41
61
31
12
28
94
54
6
99
14
66
96
86
15
74
42
65
14
49
17
67
77
53
5
41
20
67
87
87
19
60
46
70
51
